0.0    0.0      0.0  0 0
-21.1   0.20    0.20 0 0
-22.2   0.20    0.20 0 0
-23.3   0.20    0.20 0 0
-24.4   0.20    0.20 0 0
-25.6   0.20    0.20 0 0
-26.7   0.20    0.20 0 0
-27.8   0.20    0.20 0 0
-28.9   0.20    0.20 0 0
-30.0   0.20    0.20 0 0
-31.1   0.17    0.17 0 0
-32.2   0.20    0.20 0 0
-33.3   0.20    0.20 0 0
-34.4   0.20    0.20 0 0
-35.6   0.20    0.20 0 0
-36.7   0.19    0.19 0 0
-37.8   0.20    0.20 0 0
-38.9   0.20    0.20 0 0
-40.0   0.20    0.20 0 0
-41.1   0.20    0.20 0 0
-42.2   0.20    0.20 0 0
-43.3   0.20    0.20 0 0
-44.4   0.20    0.20 0 0
-45.6   0.20    0.20 0 0
-46.7   0.20    0.20 0 0
-47.8   0.20    0.20 0 0
-48.9   0.20    0.20 0 0